100000000000002
671664495400000
686666970900000
687670418400000
696640037400000
702644720500000
705645092600000
706667986300000
707652843400000
708667192900000
708704693600000
708704699800000
708706513700000
708707310300000
710668640900000
711659675700000
711659749500000
713646141300000
714645563000000
717715773600000
720669447800000
720669455900000
720677559600000
720678305300000
720678790600000
720688465100000
720707574300000
720713762500000
721644509000000
721672167700014
721693128800000
723680382100000
723704914100015
724686366300000
724689795000000
725661267000000
725687213100000
725708507900000
726702911600000
727668155800000
727689342500000
727699639100000
727703193500342
727705852400000
727707430800000
727710572300000
727710593600000
727712890800000
728674895600000
728683659300000
728691240300000
728710030600000
729656506100000
729670330300000
729673042100000
730673973500000
730675681100000
730687110300000
732651317300000
732680095800000
732680236400000
732684630200000
734680968200000
734681472300000
734710522100000
734720881200000
735693489200000
735694118800000
735707044900000
736661134500000
736663287400000
736689745200000
736692256900000
736695816200000
736708628800000
736708659700000
737690153800000
737693635800000
737697737000000
737698267800000
737717553100000
737717713600000
738654009300000
738695306300000
738697425600000
738697545800000
738697687400000
738713437200169
738718397600000
739669353300000
739689175400000
739702004900000
739715225800000
740662782300000
740687014000000
740687405300000
741665054600000
741673115800000
741678836400000
741682838400000
741686072100000
741692333500000
741696308200000
741696606400000
741703092600000
742710312800003
743681393800000
743685187700000
743687002800000
743703596400000
743707733200000
743710681600000
744652832800000
744670454300000
744691104500000
744697810800000
744697940100000
744717574900000
745651700300000
745696061300000
745707395300000
745712227700000
746630591600000
746677631400000
746704377200000
747686912200000
747692452800000
747701320800000
747702558100000
747703376100000
747711942400000
747711963100000
747716844700000
747718478400000
748624188300000
748636206600000
748680033000000
748680395100000
748680486300000
748680545600000
748680645000000
748682631200000
748695183700000
748697659400000
748697694200000
748700159900000
748717983700000
748717994700000
749624379500000
749678395600000
749678645900000
749678674100000
749710892400000
750626237900000
750672324600000
750700181200000
750700273000000
750702702200000
750714162000000
751629926200000
751683120300000
751701340300000
751709938300000
751715020900025
751715020900123
751715020900153
751715205600000
752629145600000
752699302900000
752700305800000
752701020500000
753626710700000
753628461700000
753689919400000
753702197000000
754713764600000
755618466700000
755621116300000
755702468600000
755703326900000
755720861900000
756622636100000
756674090600000
756685847300000
756694350300000
756698779200000
756698989500000
756699820600000
756702771400000
757615785300000
757616451700000
757616777800000
757652176300000
757692007700000
757693862700000
757697929700000
757718742600000
758619136000000
758695764100000
758696630600000
758701371000000
758704236900000
758715431700000
759624259200000
759670178100000
759689718800000
759704208000000
759704217400000
759706343200000
759717469600000
760703665200000
761619857000000
761660717100000
761686219900000
761704027100000
761704133200000
761704145100000
761704263100000
761704265000000
761704394900000
761704514800000
761705577100007
761705761200000
762612991300000
762695962800000
762698739500000
763612685600000
763612849600000
763613905900000
763613972700000
763624030200000
763685096700000
763704203400000
763704270700000
764608504400000
764612130500000
764612240800000
764612380000000
764613251100000
764614525200000
764624164300000
764625305400000
764653226700000
764659274000000
764691758800000
764693913700000
764697934700000
764701296100000
765614478900000
765624767700000
765677933600000
765682486700000
765696064700000
765696274600000
765696825300000
765696883000000
765697198900000
765699708900000
765706893500000
765706901600000
765706910800000
765707262500002
766619452600000
766683582900000
766693822800000
766694300900000
766695940300000
766700783200000
767691140100000
767692866900000
767693096500000
767693908600000
767695536800000
767700548800000
768612974600000
768618536300000
768619547600000
768663095100000
768680247400000
768681782600000
768682314900000
768687394200000
769613489000000
769622145300000
769678121300000
769685934900000
769685973900000
769690005900000
769692360300000
769697006200000
770609918200000
770611871100000
770663059200000
770680307300000
771607717300000
771615197000000
771679337900000
771690321900000
771690447800000
771692860500000
772611114600000
772615536100000
772622237100000
773626072000000
773675898300000
773689401000000
773692023800000
774611756900000
774620569100000
774687202600000
775663961100000
775668697500000
775669221700000
775677491200000
775678784800000
775687011700000
776661021100000
776679772800000
776682534900000
776682573400000
776682612500000
776683606200000
776687090300000
776687475000000
777661417600000
777662845600000
777666324800000
777684635600000
777687738300000
777687768400000
777687909500000
778610110700000
778610668300000
778610703700000
778610778300000
778629712300000
778684208500000
778685557200000
779607998500000
779607999500000
779609310700000
779613473800000
779630353500000
779664162800000
779669297800000
779683156500000
779683166700000
779683176900000
779683846200000
779684374200000
779684570400000
780610340800000
780652091300000
780654750500000
780664430100000
780677934900000
780679332900000
780681468500000
781615095400000
781666321500000
781680187300000
781682991800000
781689688800000
782609529400000
782610747300000
782648389000000
782649320000000
782656546400000
782666206500000
782678713700000
782684503500000
782693893200000
782693995400000
783665881800000
783667821300000
783669393400000
783670355600000
783691029700000
783692196900000
784647209800000
784651015100000
784670352200000
784681948000000
784682331900000
784684372900000
784684808500000
784685040000000
784685581000000
784685641200000
784686416700000
785668639900000
785683004200000
785692644900000
786622415300000
786655984700000
786659902600000
787609561400000
787610761600000
787672475900000
787689782000000
787690974300000
788609377700000
788609383700000
788654651100000
788654994000000
788656720200001
788662631900000
788672144300000
788672956900000
788677633100000
788684531600000
788692602300000
788692721200000
788692956300000
789609969500000
789610648700000
789611533100000
789613842600000
789646562300000
789646624800000
789650831800000
789654332700000
789657077800000
789657412100000
789658808400000
789666849600000
789670749000000
789677196400000
789677809600000
789677953100000
789680924100000
789684118300000
789684198500000
789685005000000
789686545400000
789691066100000
790613436200000
790614753500000
790644559400000
790645191300000
790653619300000
790654680300000
790663087800000
790663345100000
790670348400000
790671197800000
790671521900000
790677865300000
790678292300000
790678362500000
790678946900000
790678962400000
790680036000000
791639152000000
791654979400000
791656614500000
791662740200000
791667348700000
791667407100000
791667668400000
791671263700000
791678071000000
791679467600000
791681858300000
791683925300000
792612434200000
792612890700000
792619432000000
792619511300000
792652682300000
792652813800000
792655395300000
792659889300000
792668025800000
792671025700000
792671115800000
792673214400000
792673236100000
792673455900000
792673464000000
792675316100000
792680411900000
793613956300000
793631969500000
793644481200000
793655795300000
793655917300000
793666411800000
793666441300000
793666865300000
793666933800000
793668904800000
793669152800000
794615774900000
794617262500000
794632289700000
794666378700000
794666428700000
795612498700000
795613317200000
795616551200000
795634710200000
795648434200000
795648608300000
795655266000000
795655335800000
795666761500000
795667154700000
795674092300000
796609067000000
796610289700000
796610349700000
796614049000000
796614501700000
796615310800000
796616365600000
796616457000000
796616747400000
796634111600000
796634490500000
796640523800000
796647356300000
796650771200000
796664119300000
796664395700000
796670569100000
796673090800000
797615365300000
797616046200000
797616135800000
797630247800000
797631848500000
797638593100000
797658364000000
797660649200000
797663458700000
797663796100000
797663799000000
797664063000000
797669353600000
798628116200000
798634553000000
798634631800000
798646526400000
798649901900000
799630254500000
799631588400000
799637525300000
799648170100000
800630387200000
800636357500000
801630013200000
801630910400000
801633497200000
801634520600000
802628181200000
802630673100000
803655749300000
804652255700000
806648569600000
806648571400000
808640328000000
809645273500000
809649671300000
813645895400000
813649880700000
813652165800000
814653666800000
820645881300000
821643699800000
821644152800000
821645824400000
821646213700000
822645865200000
824649778800000
825644066800000
827654576300000
827659279000000
770640612300000
716671671800000
786661540200000
799632634900000
716687174000000
730675300100000
744625999100000
732686823500000
742673483900000
741697266900056
